.Random.seed <-
c(403L, 80L, -20710961L, -1586314538L, 1620158080L, 1492854979L, 
51545697L, -851681584L, 1969014830L, -332104231L, 230760939L, 
1630970970L, 803249692L, 1658367775L, -1616051339L, 85535244L, 
-1005966366L, 1103255741L, 751650615L, -584118306L, -568902376L, 
322572411L, 579470873L, -1573966168L, 1401183318L, -350390063L, 
1546822787L, -1040267502L, 47637156L, -147411353L, 641408957L, 
-1428745932L, -580840806L, 1804423397L, 1475072639L, 1808342022L, 
-973967472L, 304386611L, -1431729711L, -910730368L, 81270366L, 
1473990057L, -178103205L, 1537721450L, 2000469260L, -2102108337L, 
1281596421L, -1591016772L, 73290642L, -1812098931L, -640964921L, 
-2089439314L, 1407146504L, -793698805L, 1177917161L, -996970056L, 
-1964863898L, -1121563903L, 354688403L, -1594771902L, 29026804L, 
775279607L, -184997907L, 505462916L, 949196458L, 325340181L, 
930348207L, -2054540618L, 2052059360L, 1099840547L, 443564865L, 
1066520112L, 1894345806L, -1204902727L, -1881497397L, -682439302L, 
819531900L, -1535494977L, 877576597L, 1575373228L, 1293671298L, 
-1496030883L, 812114007L, -1619724482L, -787382408L, -1191193509L, 
930309049L, 682107400L, -204027722L, -1782747151L, 380131875L, 
-2057579918L, -97564476L, 1338203783L, 1436948061L, -1572554668L, 
628705914L, -618909243L, 1917739807L, 174542502L, -2064261072L, 
1278558931L, 530217201L, -1903885280L, 1749582526L, 1155688137L, 
-40852357L, 638261834L, 567156396L, 990402991L, 1404744037L, 
1548312348L, -1325792398L, -1156349971L, 1454764071L, 823339086L, 
-860582744L, -1212620117L, -1643141175L, -698541096L, 1833036422L, 
79022945L, -426668301L, -1604497054L, -348647468L, 1127684823L, 
-1094606643L, -436266908L, -444434870L, -1189526603L, -1245405425L, 
-543482858L, -407214400L, 683114627L, -765772639L, -640707952L, 
677695854L, -1395077351L, 2012152747L, -25759334L, 960464220L, 
-777470881L, -1200405451L, -1581187124L, -961594590L, 1186743677L, 
1802077815L, 1525522334L, -504529320L, -1500424261L, 1654880601L, 
-1838648600L, 958901014L, 732527761L, 1820397891L, 1300560978L, 
-1116160284L, 417507623L, 20711805L, 821641332L, -1723063718L, 
-793186651L, -2126357313L, 1158094662L, -527737392L, -109420557L, 
447072017L, 399640384L, 317419294L, -616939543L, 1420334363L, 
-1421349078L, -2057215924L, 1265133583L, -134700219L, 792003836L, 
-1512090798L, -1293564723L, -1913363321L, 1603952494L, -839470776L, 
-1910901429L, -1004627799L, 1137371640L, 375388454L, -892360127L, 
-678591533L, -1182576254L, -1844775500L, 2079285559L, -917601235L, 
-382693052L, 635774570L, 1276440789L, 925277807L, 191798134L, 
-1378685792L, 470238563L, 1341195777L, 1550861680L, 424875278L, 
-1136502919L, 1500423947L, 1187022906L, -1374169284L, 889525375L, 
-1081456683L, 712321516L, 1388202818L, -1414900579L, -207155945L, 
333825150L, 687864888L, -1924031717L, 1467060345L, 1266915528L, 
1959801078L, -806596303L, 1890482531L, 852642610L, 1543947396L, 
-1579499321L, -2033624163L, -1771462892L, -1689053766L, 460469253L, 
1470556639L, -642618266L, 391080944L, -564589374L, 401512032L, 
783050108L, -1885985584L, 768185378L, 598403240L, 601202060L, 
801636796L, 484886578L, -1785638080L, 1814535860L, -639889080L, 
-1321200966L, -207855856L, -1990205204L, -1931757484L, 803981074L, 
1046266272L, -958191668L, -1315397792L, 1323076802L, 1242746408L, 
2124540332L, 897557308L, 1592345458L, 69635888L, 707731492L, 
1868521016L, 1838985946L, 899987344L, -632171268L, -267522668L, 
1790477122L, -1697347072L, -1758410692L, -1690557872L, -2025906014L, 
1091330888L, 1444723212L, -29107492L, -394284974L, -2091643776L, 
1687406420L, 2091884520L, 1004286714L, 2000856912L, 1348158508L, 
687049076L, -1495708014L, 2050507360L, 1770631308L, 1170198880L, 
1934719202L, 309324968L, -1874250036L, 1755544060L, 707488690L, 
125518832L, 822034884L, -775979688L, -1529368198L, -291294800L, 
542878140L, -2000134572L, 1808087490L, 1464673056L, 468816828L, 
-1956925360L, 2056952802L, -2027176088L, 1634285388L, 1112534780L, 
-1209489678L, 1589812480L, 513858676L, 1335774728L, 1812145594L, 
-1949571632L, 1389651948L, 1032170388L, 1452771538L, 170603616L, 
-1753748148L, 104125216L, 1220708994L, -2111155736L, -1499538452L, 
1270402620L, 919553650L, 1459727216L, -179950300L, -1044833736L, 
1148256666L, 913714640L, 1437091260L, 115879572L, 1889481346L, 
-1492144704L, -1377233092L, -822836592L, 1949951778L, 930743816L, 
86041356L, -1764453476L, -1839162350L, -1314903168L, 1717562132L, 
-854264536L, 1197015098L, -1091292208L, -1743013268L, 1314786356L, 
1467936914L, -682206880L, -1430545076L, 560838112L, -16327774L, 
1660992424L, 266808460L, -1609014340L, -1308666766L, 101410800L, 
-85396412L, -963614632L, -651390918L, 160721008L, -1208660420L, 
1876805396L, -865441086L, 267424480L, -1418722180L, -1771066160L, 
-2066234462L, 907640360L, 2135691532L, 1746499516L, 1611366706L, 
1481185472L, 828142132L, 195390152L, -1346481478L, 925310096L, 
-70764820L, -357337516L, 935802514L, -1004443872L, -640608308L, 
2093541600L, 932503234L, 869258280L, 1733589932L, -1481614660L, 
1983095282L, -1337117136L, -1047472220L, -44133960L, 243329882L, 
-99228528L, -810902660L, 251621140L, -1877349054L, -595865856L, 
-2043020356L, 362557264L, 1255616802L, -166196664L, 126228492L, 
1827982428L, 1563587026L, 1094661632L, -1791315628L, -2040762136L, 
-2035371782L, -2104478000L, -464197332L, 1681377524L, -950854254L, 
-2067404448L, -1674827764L, 671640288L, -1172901278L, -566850904L, 
738511436L, 1137284988L, -248308430L, 857491056L, -653173948L, 
-1726310440L, -438521990L, 2024750640L, 1219409852L, -1193417132L, 
1757747266L, -817262432L, -351064388L, -955242032L, 567313250L, 
-1351081240L, 1571918028L, 1253773820L, 2113010162L, -710768000L, 
-621652492L, -1439152504L, -1472139462L, -1280183472L, 2110125164L, 
2136574356L, -1754901422L, -1823700512L, 355097804L, 711683232L, 
875976066L, -1190567704L, 181985004L, 431168828L, 246471794L, 
-634916752L, 1892681764L, 1708624952L, -1049602278L, 1849281744L, 
-1048389828L, -517662828L, 1458871170L, 831230400L, 1705827900L, 
17714241L, 2106211059L, -1940882156L, -1750742878L, -2050423369L, 
1842813313L, -1952505978L, 1856310724L, -8164107L, -219708065L, 
-871946312L, -1900082538L, 921515171L, -1181479323L, 1444313986L, 
-1312671504L, -814014311L, 1285388427L, 727245180L, -156131414L, 
-964829217L, 592186729L, -1817906818L, 2113560940L, -1481942595L, 
341510791L, -383594896L, 368710926L, -755959237L, 571523357L, 
525104074L, -1760989976L, -1994731567L, -1126374973L, 63064772L, 
-1020163726L, 1106465863L, 869201937L, -1408835178L, -1994541836L, 
1630092933L, -1577936945L, -318302520L, 599936870L, -306072173L, 
684377845L, -947689774L, 778154272L, 395747593L, 981075515L, 
-429565044L, 215530010L, -644248945L, 627381721L, 1386543726L, 
305654268L, -1218147475L, 458282263L, -175152928L, -330475842L, 
1859310731L, -1514757363L, -1306262726L, -1646757000L, -1506768607L, 
1888870867L, -1349234444L, -1472171646L, -1536035817L, -2049776927L, 
-1868997594L, 1282033956L, 1264929237L, 1869047167L, -1347609576L, 
1280938806L, -1081227837L, -611947515L, -1942952030L, 2058249104L, 
-1331402951L, 1337873387L, 2014291164L, 138738954L, -1583537153L, 
-1182460343L, 104260574L, 517471116L, -1431299235L, 1896803175L, 
750837904L, -1436713298L, -1091593381L, 2146954045L, -162291286L, 
1645907528L, -523862415L, -1146216477L, 558615268L, -1593921006L, 
-32496153L, 30683569L, -969385994L, -1510331884L, 506877221L, 
-1822374353L, -1318558744L, -1685474106L, -999992973L, -208143915L, 
1428360626L, 797713280L, -1090119831L, -170820645L, 369517356L, 
344128826L, 1176765423L, 1926698617L, -38448882L, -2120625956L, 
917464909L, 159377079L, 801334336L, -415785698L, 1881004011L, 
1318157165L, 1524120026L, 1531589528L, 482814465L, 417311667L, 
41265876L, -1779737630L, 1424363127L, 2104776641L, -47135418L, 
570217604L, -1067009483L, 1913283103L, -1468959368L, 1270649942L, 
334104803L, 2062565029L, 116953922L, -2050877136L, -2127707815L, 
-658369845L, 1708456764L, 1230525290L, -1754644065L, 1776285737L, 
